logon,RGG0064,PC-8859,Logon,03/02/2010 07:22:00
logon,RGG0064,PC-8859,Logon,03/02/2010 12:03:45
logon,RGG0064,PC-8859,Logoff,03/02/2010 15:09:00
http,RGG0064,PC-8859,http://secureserver.net/The_Swimming_Hole/imagestudy/xnengrqvzvavfuvatergheaf1253206430.aspx,03/02/2010 07:23:15
http,RGG0064,PC-8859,http://cbslocal.com/Ann_Arbor_Michigan/washtenaw/ynjqvzvavfuvatergheaf714239438.asp,03/02/2010 07:23:17
http,RGG0064,PC-8859,http://1and1.com/Parks_and_Recreation_season_1/schur/cyngsbezoevqtrpneqtnzrarggvatuhagvatybqtr1598871192.html,03/02/2010 07:27:25
http,RGG0064,PC-8859,http://conduit.com/Battle_of_Vimy_Ridge/pimple/qvzvavfuvatergheafuvxvatrdhvczragehtol872412139.html,03/02/2010 07:38:57
http,RGG0064,PC-8859,http://cbslocal.com/Ann_Arbor_Michigan/washtenaw/ynjqvzvavfuvatergheaf714239438.asp,03/02/2010 07:44:20
http,RGG0064,PC-8859,http://ingdirect.com/Edward_Low/spriggs/qvzvavfuvatergheafcrggenvavatfrjvatcva82140046.htm,03/02/2010 07:44:26
http,RGG0064,PC-8859,http://cbslocal.com/Ann_Arbor_Michigan/washtenaw/ynjqvzvavfuvatergheaf714239438.asp,03/02/2010 07:46:27
http,RGG0064,PC-8859,http://cbslocal.com/Ann_Arbor_Michigan/washtenaw/ynjqvzvavfuvatergheaf714239438.asp,03/02/2010 07:50:33
http,RGG0064,PC-8859,http://cbslocal.com/Ann_Arbor_Michigan/washtenaw/ynjqvzvavfuvatergheaf714239438.asp,03/02/2010 08:00:06
http,RGG0064,PC-8859,http://newegg.com/History_of_Sesame_Street/cooneys/svfuvatobngjngrecbybfxvpbzcrgvgvbaqvzvavfuvatergheaf426729502.asp,03/02/2010 08:01:48
http,RGG0064,PC-8859,http://boston.com/State_Route_74_New_York__Vermont/larrabees/fbsgjnerovyyvneqfuvfgbel1010188843.htm,03/02/2010 08:04:32
http,RGG0064,PC-8859,http://sidereel.com/Miniopterus_griveaudi/griveaudi/ivfnovplpyrpebffpbhageljbeyqfrevrf1447879033.htm,03/02/2010 08:15:37
http,RGG0064,PC-8859,http://buzzfeed.com/William_III_of_England/stadtholder/grfgvat802757254.php,03/02/2010 08:16:07
http,RGG0064,PC-8859,http://slideshare.net/Buffalo_nickel/repunched/jbeyqfrevrfgifrevrfzhfvptraer640513410.jsp,03/02/2010 08:20:16
http,RGG0064,PC-8859,http://att.com/History_of_Burnside/tusmore/znahsnpghevatnccyvpngvba2764249.php,03/02/2010 08:22:14
http,RGG0064,PC-8859,http://buzzfeed.com/William_III_of_England/stadtholder/grfgvat802757254.php,03/02/2010 08:31:26
http,RGG0064,PC-8859,http://conduit.com/Battle_of_Vimy_Ridge/pimple/qvzvavfuvatergheafuvxvatrdhvczragehtol872412139.html,03/02/2010 08:31:56
http,RGG0064,PC-8859,http://att.com/History_of_Burnside/tusmore/znahsnpghevatnccyvpngvba2764249.php,03/02/2010 08:36:40
http,RGG0064,PC-8859,http://statcounter.com/USS_Wisconsin_BB64/bombline/uvfgbelbsfxvvatqvzvavfuvatergheaffhesvatraretlsbbqf2113417428.php,03/02/2010 08:41:10
http,RGG0064,PC-8859,http://cbslocal.com/Ann_Arbor_Michigan/washtenaw/ynjqvzvavfuvatergheaf714239438.asp,03/02/2010 08:45:04
http,RGG0064,PC-8859,http://statcounter.com/USS_Wisconsin_BB64/bombline/uvfgbelbsfxvvatqvzvavfuvatergheaffhesvatraretlsbbqf2113417428.php,03/02/2010 08:46:48
http,RGG0064,PC-8859,http://battle.net/Bayern_class_battleship/bayern/qvzvavfuvatergheafpbyyrtronfxrgonyyyhttntronaqjvqgu472692228.asp,03/02/2010 09:06:26
http,RGG0064,PC-8859,http://secureserver.net/The_Swimming_Hole/imagestudy/xnengrqvzvavfuvatergheaf1253206430.aspx,03/02/2010 09:06:40
http,RGG0064,PC-8859,http://buzzfeed.com/William_III_of_England/stadtholder/grfgvat802757254.php,03/02/2010 09:11:22
http,RGG0064,PC-8859,http://yousendit.com/Forksville_Covered_Bridge/loyalsock/uhagvattrnenccyvpngvbatbfcryzhfvp1563034667.htm,03/02/2010 09:11:25
http,RGG0064,PC-8859,http://buzzfeed.com/William_III_of_England/stadtholder/grfgvat802757254.php,03/02/2010 09:11:27
http,RGG0064,PC-8859,http://buzzfeed.com/William_III_of_England/stadtholder/grfgvat802757254.php,03/02/2010 09:13:03
http,RGG0064,PC-8859,http://weather.gov/Frank_Zappa/synclavier/onynaprfurrgfcvapnfgvatuvxvatfnsrgl1865742552.htm,03/02/2010 09:20:04
http,RGG0064,PC-8859,http://1and1.com/Parks_and_Recreation_season_1/schur/cyngsbezoevqtrpneqtnzrarggvatuhagvatybqtr1598871192.html,03/02/2010 09:20:42
http,RGG0064,PC-8859,http://1and1.com/Parks_and_Recreation_season_1/schur/cyngsbezoevqtrpneqtnzrarggvatuhagvatybqtr1598871192.html,03/02/2010 09:20:53
http,RGG0064,PC-8859,http://qq.com/Australia_at_the_Winter_Olympics/camplin/yherfoybttvat2113120557.php,03/02/2010 09:24:22
http,RGG0064,PC-8859,http://netflix.com/SMS_Helgoland/wangerooge/zbgbeplpyryvprafrarggvatpybgurffubccvatgrpuavpnyfhccbeg1000818510.htm,03/02/2010 09:24:39
http,RGG0064,PC-8859,http://cbssports.com/Ceawlin_of_Wessex/cynric/qbtfubjgbvyrgyherf774948688.aspx,03/02/2010 09:24:46
http,RGG0064,PC-8859,http://netflix.com/SMS_Helgoland/wangerooge/zbgbeplpyryvprafrarggvatpybgurffubccvatgrpuavpnyfhccbeg1000818510.htm,03/02/2010 09:26:42
http,RGG0064,PC-8859,http://weather.gov/Frank_Zappa/synclavier/onynaprfurrgfcvapnfgvatuvxvatfnsrgl1865742552.htm,03/02/2010 09:27:50
http,RGG0064,PC-8859,http://yousendit.com/Forksville_Covered_Bridge/loyalsock/uhagvattrnenccyvpngvbatbfcryzhfvp1563034667.htm,03/02/2010 09:32:32
http,RGG0064,PC-8859,http://lowes.com/John_Calvin/servetus/cyngsbez783242066.jsp,03/02/2010 09:32:34
http,RGG0064,PC-8859,http://newegg.com/History_of_Sesame_Street/cooneys/svfuvatobngjngrecbybfxvpbzcrgvgvbaqvzvavfuvatergheaf426729502.asp,03/02/2010 09:34:15
http,RGG0064,PC-8859,http://cbslocal.com/Ann_Arbor_Michigan/washtenaw/ynjqvzvavfuvatergheaf714239438.asp,03/02/2010 09:35:24
http,RGG0064,PC-8859,http://cbslocal.com/Ann_Arbor_Michigan/washtenaw/ynjqvzvavfuvatergheaf714239438.asp,03/02/2010 09:36:29
http,RGG0064,PC-8859,http://cbslocal.com/Ann_Arbor_Michigan/washtenaw/ynjqvzvavfuvatergheaf714239438.asp,03/02/2010 09:37:24
http,RGG0064,PC-8859,http://conduit.com/Battle_of_Vimy_Ridge/pimple/qvzvavfuvatergheafuvxvatrdhvczragehtol872412139.html,03/02/2010 09:37:38
http,RGG0064,PC-8859,http://cbslocal.com/Ann_Arbor_Michigan/washtenaw/ynjqvzvavfuvatergheaf714239438.asp,03/02/2010 09:37:56
http,RGG0064,PC-8859,http://secureserver.net/The_Swimming_Hole/imagestudy/xnengrqvzvavfuvatergheaf1253206430.aspx,03/02/2010 09:38:04
http,RGG0064,PC-8859,http://cbslocal.com/Ann_Arbor_Michigan/washtenaw/ynjqvzvavfuvatergheaf714239438.asp,03/02/2010 09:38:07
http,RGG0064,PC-8859,http://conduit.com/Battle_of_Vimy_Ridge/pimple/qvzvavfuvatergheafuvxvatrdhvczragehtol872412139.html,03/02/2010 09:38:12
http,RGG0064,PC-8859,http://conduit.com/Battle_of_Vimy_Ridge/pimple/qvzvavfuvatergheafuvxvatrdhvczragehtol872412139.html,03/02/2010 09:38:56
http,RGG0064,PC-8859,http://secureserver.net/The_Swimming_Hole/imagestudy/xnengrqvzvavfuvatergheaf1253206430.aspx,03/02/2010 09:39:45
http,RGG0064,PC-8859,http://statcounter.com/USS_Wisconsin_BB64/bombline/uvfgbelbsfxvvatqvzvavfuvatergheaffhesvatraretlsbbqf2113417428.php,03/02/2010 09:39:53
http,RGG0064,PC-8859,http://nbcsports.com/General_aviation_in_the_United_Kingdom/ga/pnyraqnecebwrpgvagreangvbanygeniryqvzvavfuvatergheaf1257642606.htm,03/02/2010 09:41:15
http,RGG0064,PC-8859,http://cbslocal.com/Ann_Arbor_Michigan/washtenaw/ynjqvzvavfuvatergheaf714239438.asp,03/02/2010 09:45:06
http,RGG0064,PC-8859,http://att.com/History_of_Burnside/tusmore/znahsnpghevatnccyvpngvba2764249.php,03/02/2010 09:46:02
http,RGG0064,PC-8859,http://hilton.com/Superman_in_film/brainiac/yvsrwnpxrggrfgvatvawhel54443921.jsp,03/02/2010 09:46:32
http,RGG0064,PC-8859,http://zendesk.com/December_1964_South_Vietnamese_coup/khanh/obngybpxfgbpxjbeyqfrevrferpehvgvat1343994808.html,03/02/2010 12:12:13
http,RGG0064,PC-8859,http://cbslocal.com/Ann_Arbor_Michigan/washtenaw/ynjqvzvavfuvatergheaf714239438.asp,03/02/2010 12:14:20
http,RGG0064,PC-8859,http://officedepot.com/Cdwalla_of_Wessex/thelwealhs/obngznvagranaprjrngureobjyvatfcyvgf1750468637.html,03/02/2010 12:15:05
http,RGG0064,PC-8859,http://fiverr.com/Art_Ross/nha/uvfgbelbsfxvvatpbzzvffvbanccyvpngvbafjrngure820804556.asp,03/02/2010 12:15:39
http,RGG0064,PC-8859,http://vistaprint.com/Rosendale_trestle/rosendale/jrngureiveghnyznpuvarfgnaqneqfovyyvneqfrdhvczrag546713892.php,03/02/2010 12:16:21
http,RGG0064,PC-8859,http://fiverr.com/Art_Ross/nha/uvfgbelbsfxvvatpbzzvffvbanccyvpngvbafjrngure820804556.asp,03/02/2010 12:16:47
http,RGG0064,PC-8859,http://att.com/History_of_Burnside/tusmore/znahsnpghevatnccyvpngvba2764249.php,03/02/2010 12:37:12
http,RGG0064,PC-8859,http://zendesk.com/December_1964_South_Vietnamese_coup/khanh/obngybpxfgbpxjbeyqfrevrferpehvgvat1343994808.html,03/02/2010 12:43:44
http,RGG0064,PC-8859,http://fiverr.com/Art_Ross/nha/uvfgbelbsfxvvatpbzzvffvbanccyvpngvbafjrngure820804556.asp,03/02/2010 12:50:40
http,RGG0064,PC-8859,http://slideshare.net/Buffalo_nickel/repunched/jbeyqfrevrfgifrevrfzhfvptraer640513410.jsp,03/02/2010 12:50:59
http,RGG0064,PC-8859,http://fiverr.com/Art_Ross/nha/uvfgbelbsfxvvatpbzzvffvbanccyvpngvbafjrngure820804556.asp,03/02/2010 12:51:41
http,RGG0064,PC-8859,http://fiverr.com/Art_Ross/nha/uvfgbelbsfxvvatpbzzvffvbanccyvpngvbafjrngure820804556.asp,03/02/2010 12:52:24
http,RGG0064,PC-8859,http://homedepot.com/Guinea_pig/cavy/fbsgjnersvfuvatgbheanzraganabgrpuabybtl1900280320.asp,03/02/2010 12:55:57
http,RGG0064,PC-8859,http://wsj.com/Characters_of_Final_Fantasy_VIII/balamb/erdhverzragfqrpxbspneqfgvqrpbzcrafngvba1297632207.aspx,03/02/2010 12:57:13
http,RGG0064,PC-8859,http://nymag.com/1910_London_to_Manchester_air_race/wormwood/fgbpxerdhverzragfernyvglgivyyarff529754788.asp,03/02/2010 12:58:24
http,RGG0064,PC-8859,http://sfgate.com/Battle_of_Osan/m9a1/genvavatgraavfenpxrg1906880960.asp,03/02/2010 13:02:28
http,RGG0064,PC-8859,http://coupons.com/Akhtar_Hameed_Khan/orangi/genvavatgraavfenpxrgcreraavny1807389598.htm,03/02/2010 13:04:02
http,RGG0064,PC-8859,http://lowes.com/John_Calvin/servetus/cyngsbez783242066.jsp,03/02/2010 13:06:43
http,RGG0064,PC-8859,http://break.com/USS_Iowa_turret_explosion/nis/serfujngresvfuvatguebhtuchgrkrphgvirfbsgjner1971007846.php,03/02/2010 13:07:47
http,RGG0064,PC-8859,http://nbcsports.com/General_aviation_in_the_United_Kingdom/ga/pnyraqnecebwrpgvagreangvbanygeniryqvzvavfuvatergheaf1257642606.htm,03/02/2010 13:09:28
http,RGG0064,PC-8859,http://yousendit.com/Forksville_Covered_Bridge/loyalsock/uhagvattrnenccyvpngvbatbfcryzhfvp1563034667.htm,03/02/2010 13:14:50
http,RGG0064,PC-8859,http://hilton.com/Superman_in_film/brainiac/yvsrwnpxrggrfgvatvawhel54443921.jsp,03/02/2010 13:15:20
http,RGG0064,PC-8859,http://att.com/History_of_Burnside/tusmore/znahsnpghevatnccyvpngvba2764249.php,03/02/2010 13:18:06
http,RGG0064,PC-8859,http://buzzfeed.com/William_III_of_England/stadtholder/grfgvat802757254.php,03/02/2010 13:20:47
http,RGG0064,PC-8859,http://lowes.com/John_Calvin/servetus/cyngsbez783242066.jsp,03/02/2010 13:21:46
http,RGG0064,PC-8859,http://wikihow.com/Macaroni_Penguin/eudyptes/nccyvpngvbayhttntrernyrfgngrfubccvatfnyr2116420198.php,03/02/2010 13:24:19
http,RGG0064,PC-8859,http://yousendit.com/Forksville_Covered_Bridge/loyalsock/uhagvattrnenccyvpngvbatbfcryzhfvp1563034667.htm,03/02/2010 13:28:04
http,RGG0064,PC-8859,http://att.com/History_of_Burnside/tusmore/znahsnpghevatnccyvpngvba2764249.php,03/02/2010 13:29:21
http,RGG0064,PC-8859,http://zendesk.com/December_1964_South_Vietnamese_coup/khanh/obngybpxfgbpxjbeyqfrevrferpehvgvat1343994808.html,03/02/2010 13:35:24
http,RGG0064,PC-8859,http://officedepot.com/Cdwalla_of_Wessex/thelwealhs/obngznvagranaprjrngureobjyvatfcyvgf1750468637.html,03/02/2010 13:36:10
http,RGG0064,PC-8859,http://sidereel.com/Miniopterus_griveaudi/griveaudi/ivfnovplpyrpebffpbhageljbeyqfrevrf1447879033.htm,03/02/2010 13:37:19
http,RGG0064,PC-8859,http://officedepot.com/Cdwalla_of_Wessex/thelwealhs/obngznvagranaprjrngureobjyvatfcyvgf1750468637.html,03/02/2010 13:41:23
http,RGG0064,PC-8859,http://sidereel.com/Miniopterus_griveaudi/griveaudi/ivfnovplpyrpebffpbhageljbeyqfrevrf1447879033.htm,03/02/2010 13:44:38
http,RGG0064,PC-8859,http://conduit.com/Battle_of_Vimy_Ridge/pimple/qvzvavfuvatergheafuvxvatrdhvczragehtol872412139.html,03/02/2010 14:16:09
http,RGG0064,PC-8859,http://cbslocal.com/Ann_Arbor_Michigan/washtenaw/ynjqvzvavfuvatergheaf714239438.asp,03/02/2010 14:27:42
http,RGG0064,PC-8859,http://yousendit.com/Forksville_Covered_Bridge/loyalsock/uhagvattrnenccyvpngvbatbfcryzhfvp1563034667.htm,03/02/2010 14:28:48
http,RGG0064,PC-8859,http://conduit.com/Battle_of_Vimy_Ridge/pimple/qvzvavfuvatergheafuvxvatrdhvczragehtol872412139.html,03/02/2010 14:29:30
http,RGG0064,PC-8859,http://battle.net/Age_of_Mythology/arkantos/puhepupubvesnpvyvgngbep#arggvat291786523.php,03/02/2010 14:31:08
http,RGG0064,PC-8859,http://cbslocal.com/Ann_Arbor_Michigan/washtenaw/ynjqvzvavfuvatergheaf714239438.asp,03/02/2010 14:47:31
http,RGG0064,PC-8859,http://fiverr.com/Art_Ross/nha/uvfgbelbsfxvvatpbzzvffvbanccyvpngvbafjrngure820804556.asp,03/02/2010 14:49:06
http,RGG0064,PC-8859,http://statcounter.com/USS_Wisconsin_BB64/bombline/uvfgbelbsfxvvatqvzvavfuvatergheaffhesvatraretlsbbqf2113417428.php,03/02/2010 14:50:12
http,RGG0064,PC-8859,http://nymag.com/1910_London_to_Manchester_air_race/wormwood/fgbpxerdhverzragfernyvglgivyyarff529754788.asp,03/02/2010 14:54:27
email,RGG0064,PC-8859,Riley_Guy@comcast.net,Stephanie.B.Harrington@netzero.com,24351,0,03/02/2010 07:25:42
email,RGG0064,PC-8859,Riley_Guy@comcast.net,BMG8237@yahoo.com,22411,0,03/02/2010 14:14:45
email,RGG0064,PC-8859,Riley_Guy@comcast.net,Jocelyn_Mccray@comcast.net;Stephanie.B.Harrington@netzero.com;Keaton.R.Leonard@juno.com,32826,0,03/02/2010 14:15:42
email,RGG0064,PC-8859,Riley.Ginger.Guy@dtaa.com,Vance.Ira.Alston@dtaa.com;Bruce.Sawyer.Barrera@dtaa.com;Sara.Gail.George@dtaa.com,23394,0,03/02/2010 14:34:50
email,RGG0064,PC-8859,Riley.Ginger.Guy@dtaa.com,Chadwick.Wayne.Bond@dtaa.com,21387,1,03/02/2010 14:39:50
email,RGG0064,PC-8859,Riley_Guy@comcast.net,Aurora_T_Payne@earthlink.net,61027,3,03/02/2010 14:51:46
email,RGG0064,PC-8859,Riley_Guy@comcast.net,Bruce_Barrera@bellsouth.net,24590,0,03/02/2010 15:01:50
