logon,HBO0413,PC-7384,Logon,08/23/2010 07:46:00
logon,HBO0413,PC-7384,Logoff,08/23/2010 18:09:00
file,HBO0413,PC-7384,LOKZW6G1.doc,08/23/2010 08:05:34
file,HBO0413,PC-7384,NGH28OWA.doc,08/23/2010 14:05:37
file,HBO0413,PC-7384,EC32NTMW.doc,08/23/2010 14:07:30
file,HBO0413,PC-7384,9X95LSXB.doc,08/23/2010 14:07:36
file,HBO0413,PC-7384,O3YEOFY0.doc,08/23/2010 14:08:28
http,HBO0413,PC-7384,http://vistaprint.com/Rosendale_trestle/rosendale/jrngureiveghnyznpuvarfgnaqneqfovyyvneqfrdhvczrag546713892.php,08/23/2010 07:47:53
http,HBO0413,PC-7384,http://latimes.com/Archie_Jackson/leura/pnzctebhaqffrrvatrlrqbttnzrfubjf1398579868.php,08/23/2010 07:49:11
http,HBO0413,PC-7384,http://fiverr.com/Art_Ross/nha/uvfgbelbsfxvvatpbzzvffvbanccyvpngvbafjrngure820804556.asp,08/23/2010 07:50:21
http,HBO0413,PC-7384,http://inbox.com/Cheadle_Hulme/hulme/yrnqrefuvcnanylfvfselvat513824541.aspx,08/23/2010 08:09:39
http,HBO0413,PC-7384,http://constantcontact.com/2008_ACC_Championship_Game/herzlich/onxrjnersvfuvatobngfrysurycserfujngresvfuvat628177942.aspx,08/23/2010 08:10:29
http,HBO0413,PC-7384,http://networksolutions.com/No_Line_on_the_Horizon/fez/ubjgbgiarjf469250097.asp,08/23/2010 08:11:40
http,HBO0413,PC-7384,http://zendesk.com/December_1964_South_Vietnamese_coup/khanh/obngybpxfgbpxjbeyqfrevrferpehvgvat1343994808.html,08/23/2010 08:12:55
http,HBO0413,PC-7384,http://outbrain.com/Master_Chief_Halo/cortana/yrnqrefuvcfbppregenvyevqvat739909429.jsp,08/23/2010 08:13:39
http,HBO0413,PC-7384,http://vistaprint.com/Rosendale_trestle/rosendale/jrngureiveghnyznpuvarfgnaqneqfovyyvneqfrdhvczrag546713892.php,08/23/2010 08:17:59
http,HBO0413,PC-7384,http://slate.com/1933_Atlantic_hurricane_season/05z/jrngure696245205.jsp,08/23/2010 08:24:17
http,HBO0413,PC-7384,http://hulu.com/Gray_mouse_lemur/lemur/qvfpbhaginpngvba865185298.aspx,08/23/2010 08:26:26
http,HBO0413,PC-7384,http://discovery.com/The_Cat_and_the_Canary_1927_film/paulette/sylsvfuvatabbqyvatfrrqf566970942.asp,08/23/2010 08:31:06
http,HBO0413,PC-7384,http://ign.com/1980_eruption_of_Mount_St_Helens/ronnholm/arggvatyvsrplpyrvagreargznexrgvatzbgbeplpyryrngure1905848322.asp,08/23/2010 08:31:08
http,HBO0413,PC-7384,http://networksolutions.com/No_Line_on_the_Horizon/fez/ubjgbgiarjf469250097.asp,08/23/2010 08:43:34
http,HBO0413,PC-7384,http://weightwatchers.com/Karnataka/malaprabha/ubjgbgiqbphzragnelebjobngjbefuvc1246539316.aspx,08/23/2010 08:43:37
http,HBO0413,PC-7384,http://theblaze.com/Arsenal_FC/filearsenal/arjfubefronpxraqhenaprevqvatqvegevqvatcrgtebbzvat952501939.html,08/23/2010 08:52:43
http,HBO0413,PC-7384,http://linkwithin.com/1996_United_States_campaign_finance_controversy/freeh/ovbtenculubyvqnlfubccvatnpgvba1169616794.html,08/23/2010 08:55:00
http,HBO0413,PC-7384,http://linkedin.com/Harry_Chauvel/chetwode/cebwrpg757315014.jsp,08/23/2010 08:59:46
http,HBO0413,PC-7384,http://sidereel.com/Miniopterus_griveaudi/griveaudi/ivfnovplpyrpebffpbhageljbeyqfrevrf1447879033.htm,08/23/2010 09:08:10
http,HBO0413,PC-7384,http://linkedin.com/Harry_Chauvel/chetwode/cebwrpg757315014.jsp,08/23/2010 09:21:08
http,HBO0413,PC-7384,http://shareasale.com/1962_South_Vietnamese_Independence_Palace_bombing/quoc/jbefuvcyrnqrefuvcobjyvatgbheanzrag1438261804.php,08/23/2010 09:24:12
http,HBO0413,PC-7384,http://shareasale.com/1962_South_Vietnamese_Independence_Palace_bombing/quoc/jbefuvcyrnqrefuvcobjyvatgbheanzrag1438261804.php,08/23/2010 09:31:56
http,HBO0413,PC-7384,http://mediafire.com/Nathu_La/yadong/gernqzvyyyrnqrefuvc679300522.asp,08/23/2010 09:32:30
http,HBO0413,PC-7384,http://blogspot.com/Pilot_Supernatural/railsback/flfgrz1092581757.php,08/23/2010 09:35:29
http,HBO0413,PC-7384,http://slate.com/1933_Atlantic_hurricane_season/05z/jrngure696245205.jsp,08/23/2010 09:39:42
http,HBO0413,PC-7384,http://shareasale.com/1962_South_Vietnamese_Independence_Palace_bombing/quoc/jbefuvcyrnqrefuvcobjyvatgbheanzrag1438261804.php,08/23/2010 09:53:28
http,HBO0413,PC-7384,http://yfrog.com/Saffron/saffron/fhccbegfhcreobjy789727225.aspx,08/23/2010 10:03:06
http,HBO0413,PC-7384,http://fiverr.com/Art_Ross/nha/uvfgbelbsfxvvatpbzzvffvbanccyvpngvbafjrngure820804556.asp,08/23/2010 10:04:54
http,HBO0413,PC-7384,http://sidereel.com/Miniopterus_griveaudi/griveaudi/ivfnovplpyrpebffpbhageljbeyqfrevrf1447879033.htm,08/23/2010 10:07:27
http,HBO0413,PC-7384,http://eonline.com/Gregory_of_Nazianzus/sasima/gragcebwrpgcrgsvfupbyyrtrfbppre691547229.htm,08/23/2010 10:23:21
http,HBO0413,PC-7384,http://officedepot.com/Cdwalla_of_Wessex/thelwealhs/obngznvagranaprjrngureobjyvatfcyvgf1750468637.html,08/23/2010 10:26:53
http,HBO0413,PC-7384,http://weather.com/Rotavirus/vp4/ovyyvneqfgevpxfubgfornpupnzcvatovyyvneqfobbxftnzrfubjf960839951.jsp,08/23/2010 10:34:01
http,HBO0413,PC-7384,http://conduit.com/LeadII_nitrate/bidentate/npgvbapbbxvat1014723362.htm,08/23/2010 10:44:54
http,HBO0413,PC-7384,http://swagbucks.com/Central_Coast_Mariners_FC/bosnich/arjf1097306252.htm,08/23/2010 10:44:57
http,HBO0413,PC-7384,http://hulu.com/Gray_mouse_lemur/lemur/qvfpbhaginpngvba865185298.aspx,08/23/2010 10:59:30
http,HBO0413,PC-7384,http://fiverr.com/Art_Ross/nha/uvfgbelbsfxvvatpbzzvffvbanccyvpngvbafjrngure820804556.asp,08/23/2010 11:05:15
http,HBO0413,PC-7384,http://linkwithin.com/1996_United_States_campaign_finance_controversy/freeh/ovbtenculubyvqnlfubccvatnpgvba1169616794.html,08/23/2010 11:06:23
http,HBO0413,PC-7384,http://mediafire.com/Nathu_La/yadong/gernqzvyyyrnqrefuvc679300522.asp,08/23/2010 11:10:31
http,HBO0413,PC-7384,http://inbox.com/Cheadle_Hulme/hulme/yrnqrefuvcnanylfvfselvat513824541.aspx,08/23/2010 11:12:12
http,HBO0413,PC-7384,http://slideshare.net/Buffalo_nickel/repunched/jbeyqfrevrfgifrevrfzhfvptraer640513410.jsp,08/23/2010 11:16:04
http,HBO0413,PC-7384,http://sfgate.com/Sweet_Track/westhay/guebhtuchgrkcrevzragfhcreobjyjrofhesvat192290683.htm,08/23/2010 11:34:51
http,HBO0413,PC-7384,http://goodreads.com/Herne_Bay_Kent/whitstable/sylsvfuvatabbqyvatjvaqbjfubccvatonpxcnpx1234238839.jsp,08/23/2010 11:42:25
http,HBO0413,PC-7384,http://wellsfargo.com/Benjamin_Harrison/harrisons/ynoahgevgvbayrnqrefuvctencuvpnyhfrevagresnpr1176430042.jsp,08/23/2010 12:10:59
http,HBO0413,PC-7384,http://inbox.com/Cheadle_Hulme/hulme/yrnqrefuvcnanylfvfselvat513824541.aspx,08/23/2010 12:14:42
http,HBO0413,PC-7384,http://amazonaws.com/Congregation_Baith_Israel_Anshei_Emes/goldfarbs/obngvatehyrffpvraprfhcreobjy222502931.html,08/23/2010 12:34:05
http,HBO0413,PC-7384,http://shareasale.com/1962_South_Vietnamese_Independence_Palace_bombing/quoc/jbefuvcyrnqrefuvcobjyvatgbheanzrag1438261804.php,08/23/2010 12:46:59
http,HBO0413,PC-7384,http://babycenter.com/NagornoKarabakh_War/karabakh/orneuhagvatyrnqrefuvc1699946626.php,08/23/2010 12:52:14
http,HBO0413,PC-7384,http://hulu.com/Gray_mouse_lemur/lemur/qvfpbhaginpngvba865185298.aspx,08/23/2010 13:11:36
http,HBO0413,PC-7384,http://linkwithin.com/1996_United_States_campaign_finance_controversy/freeh/ovbtenculubyvqnlfubccvatnpgvba1169616794.html,08/23/2010 13:16:14
http,HBO0413,PC-7384,http://m-w.com/In_Utero_album/cobain/tnzrfubjf1278951174.aspx,08/23/2010 13:19:09
http,HBO0413,PC-7384,http://outbrain.com/Master_Chief_Halo/cortana/yrnqrefuvcfbppregenvyevqvat739909429.jsp,08/23/2010 13:20:55
http,HBO0413,PC-7384,http://ca.gov/Keith_Miller_in_the_194647_Australian_cricket_season/dooland/svfuvatgnpxyrserfujngresvfuvatpnzcpbbxvatsvfuvatgbheanzrag1051804602.asp,08/23/2010 13:43:53
http,HBO0413,PC-7384,http://constantcontact.com/2008_ACC_Championship_Game/herzlich/onxrjnersvfuvatobngfrysurycserfujngresvfuvat628177942.aspx,08/23/2010 13:45:33
http,HBO0413,PC-7384,http://goodreads.com/Herne_Bay_Kent/whitstable/sylsvfuvatabbqyvatjvaqbjfubccvatonpxcnpx1234238839.jsp,08/23/2010 13:47:33
http,HBO0413,PC-7384,http://ca.gov/Keith_Miller_in_the_194647_Australian_cricket_season/dooland/svfuvatgnpxyrserfujngresvfuvatpnzcpbbxvatsvfuvatgbheanzrag1051804602.asp,08/23/2010 13:48:12
http,HBO0413,PC-7384,http://goodreads.com/Herne_Bay_Kent/whitstable/sylsvfuvatabbqyvatjvaqbjfubccvatonpxcnpx1234238839.jsp,08/23/2010 13:50:37
http,HBO0413,PC-7384,http://constantcontact.com/2008_ACC_Championship_Game/herzlich/onxrjnersvfuvatobngfrysurycserfujngresvfuvat628177942.aspx,08/23/2010 13:51:11
http,HBO0413,PC-7384,http://constantcontact.com/2008_ACC_Championship_Game/herzlich/onxrjnersvfuvatobngfrysurycserfujngresvfuvat628177942.aspx,08/23/2010 13:52:02
http,HBO0413,PC-7384,http://wellsfargo.com/Benjamin_Harrison/harrisons/ynoahgevgvbayrnqrefuvctencuvpnyhfrevagresnpr1176430042.jsp,08/23/2010 14:05:36
http,HBO0413,PC-7384,http://outbrain.com/Master_Chief_Halo/cortana/yrnqrefuvcfbppregenvyevqvat739909429.jsp,08/23/2010 14:11:17
http,HBO0413,PC-7384,http://sidereel.com/Miniopterus_griveaudi/griveaudi/ivfnovplpyrpebffpbhageljbeyqfrevrf1447879033.htm,08/23/2010 14:13:47
http,HBO0413,PC-7384,http://officedepot.com/Cdwalla_of_Wessex/thelwealhs/obngznvagranaprjrngureobjyvatfcyvgf1750468637.html,08/23/2010 14:17:59
http,HBO0413,PC-7384,http://amazonaws.com/Congregation_Baith_Israel_Anshei_Emes/goldfarbs/obngvatehyrffpvraprfhcreobjy222502931.html,08/23/2010 14:35:36
http,HBO0413,PC-7384,http://theblaze.com/Arsenal_FC/filearsenal/arjfubefronpxraqhenaprevqvatqvegevqvatcrgtebbzvat952501939.html,08/23/2010 14:35:57
http,HBO0413,PC-7384,http://networksolutions.com/No_Line_on_the_Horizon/fez/ubjgbgiarjf469250097.asp,08/23/2010 14:43:11
http,HBO0413,PC-7384,http://constantcontact.com/2008_ACC_Championship_Game/herzlich/onxrjnersvfuvatobngfrysurycserfujngresvfuvat628177942.aspx,08/23/2010 14:48:34
http,HBO0413,PC-7384,http://hulu.com/Gray_mouse_lemur/lemur/qvfpbhaginpngvba865185298.aspx,08/23/2010 14:50:57
http,HBO0413,PC-7384,http://inbox.com/Cheadle_Hulme/hulme/yrnqrefuvcnanylfvfselvat513824541.aspx,08/23/2010 14:51:51
http,HBO0413,PC-7384,http://ebay.com/Stonewall_riots/kamenys/sverqenznbhgyrgpragrefubccvatzbhagrqbevragrrevat959308762.php,08/23/2010 14:53:34
http,HBO0413,PC-7384,http://linkedin.com/Harry_Chauvel/chetwode/cebwrpg757315014.jsp,08/23/2010 15:03:05
http,HBO0413,PC-7384,http://yfrog.com/Saffron/saffron/fhccbegfhcreobjy789727225.aspx,08/23/2010 15:03:21
http,HBO0413,PC-7384,http://shareasale.com/1962_South_Vietnamese_Independence_Palace_bombing/quoc/jbefuvcyrnqrefuvcobjyvatgbheanzrag1438261804.php,08/23/2010 15:14:19
http,HBO0413,PC-7384,http://goodreads.com/Herne_Bay_Kent/whitstable/sylsvfuvatabbqyvatjvaqbjfubccvatonpxcnpx1234238839.jsp,08/23/2010 15:29:27
http,HBO0413,PC-7384,http://slate.com/1933_Atlantic_hurricane_season/05z/jrngure696245205.jsp,08/23/2010 15:35:54
http,HBO0413,PC-7384,http://slideshare.net/Buffalo_nickel/repunched/jbeyqfrevrfgifrevrfzhfvptraer640513410.jsp,08/23/2010 15:37:37
http,HBO0413,PC-7384,http://zendesk.com/December_1964_South_Vietnamese_coup/khanh/obngybpxfgbpxjbeyqfrevrferpehvgvat1343994808.html,08/23/2010 15:38:43
http,HBO0413,PC-7384,http://officedepot.com/Cdwalla_of_Wessex/thelwealhs/obngznvagranaprjrngureobjyvatfcyvgf1750468637.html,08/23/2010 15:39:58
http,HBO0413,PC-7384,http://verizon.com/Cygnus_X1/226868/svfuvatobnggraavfqbhoyrfpbyyrtrfbpprecebsrffvbanyonfxrgonyy956856826.html,08/23/2010 15:52:07
http,HBO0413,PC-7384,http://shareasale.com/1962_South_Vietnamese_Independence_Palace_bombing/quoc/jbefuvcyrnqrefuvcobjyvatgbheanzrag1438261804.php,08/23/2010 16:19:48
http,HBO0413,PC-7384,http://outbrain.com/Master_Chief_Halo/cortana/yrnqrefuvcfbppregenvyevqvat739909429.jsp,08/23/2010 16:47:00
http,HBO0413,PC-7384,http://shareasale.com/1962_South_Vietnamese_Independence_Palace_bombing/quoc/jbefuvcyrnqrefuvcobjyvatgbheanzrag1438261804.php,08/23/2010 16:49:22
http,HBO0413,PC-7384,http://inbox.com/Cheadle_Hulme/hulme/yrnqrefuvcnanylfvfselvat513824541.aspx,08/23/2010 16:55:05
http,HBO0413,PC-7384,http://eonline.com/Gregory_of_Nazianzus/sasima/gragcebwrpgcrgsvfupbyyrtrfbppre691547229.htm,08/23/2010 16:56:23
http,HBO0413,PC-7384,http://constantcontact.com/2008_ACC_Championship_Game/herzlich/onxrjnersvfuvatobngfrysurycserfujngresvfuvat628177942.aspx,08/23/2010 17:10:21
http,HBO0413,PC-7384,http://slate.com/1933_Atlantic_hurricane_season/05z/jrngure696245205.jsp,08/23/2010 17:10:51
http,HBO0413,PC-7384,http://constantcontact.com/2008_ACC_Championship_Game/herzlich/onxrjnersvfuvatobngfrysurycserfujngresvfuvat628177942.aspx,08/23/2010 17:13:00
http,HBO0413,PC-7384,http://inbox.com/Cheadle_Hulme/hulme/yrnqrefuvcnanylfvfselvat513824541.aspx,08/23/2010 17:19:40
http,HBO0413,PC-7384,http://mediafire.com/Nathu_La/yadong/gernqzvyyyrnqrefuvc679300522.asp,08/23/2010 17:19:50
http,HBO0413,PC-7384,http://hubpages.com/Hurricane_Rick_2009/690000/fbyvgnverpneqtnzrfpnaavatirtrgnoyrfonvgpnfgvat1734061819.jsp,08/23/2010 17:21:02
http,HBO0413,PC-7384,http://slate.com/1933_Atlantic_hurricane_season/05z/jrngure696245205.jsp,08/23/2010 17:33:17
http,HBO0413,PC-7384,http://officedepot.com/Cdwalla_of_Wessex/thelwealhs/obngznvagranaprjrngureobjyvatfcyvgf1750468637.html,08/23/2010 17:33:35
http,HBO0413,PC-7384,http://vistaprint.com/Rosendale_trestle/rosendale/jrngureiveghnyznpuvarfgnaqneqfovyyvneqfrdhvczrag546713892.php,08/23/2010 17:34:05
http,HBO0413,PC-7384,http://msn.com/The_Human_Centipede_First_Sequence/katsuro/arjf309875127.htm,08/23/2010 17:41:02
http,HBO0413,PC-7384,http://shareasale.com/1962_South_Vietnamese_Independence_Palace_bombing/quoc/jbefuvcyrnqrefuvcobjyvatgbheanzrag1438261804.php,08/23/2010 17:45:34
http,HBO0413,PC-7384,http://shareasale.com/1962_South_Vietnamese_Independence_Palace_bombing/quoc/jbefuvcyrnqrefuvcobjyvatgbheanzrag1438261804.php,08/23/2010 17:47:11
email,HBO0413,PC-7384,Harper.Basil.Obrien@dtaa.com,Emily.Illana.Perry@dtaa.com,32588,0,08/23/2010 09:58:03
email,HBO0413,PC-7384,Harper.Basil.Obrien@dtaa.com,Nyssa.Britanney.Carver@dtaa.com,23204,0,08/23/2010 09:59:08
email,HBO0413,PC-7384,Harper.Basil.Obrien@dtaa.com,Hermione.Casey.Witt@dtaa.com,50463,0,08/23/2010 10:03:15
email,HBO0413,PC-7384,Harper.Basil.Obrien@dtaa.com,Halee.Kim.Burnett@dtaa.com,19730,0,08/23/2010 10:06:50
email,HBO0413,PC-7384,Harper.Basil.Obrien@dtaa.com,Herman.Ian.Abbott@dtaa.com;Kane.Quinlan.Stevenson@dtaa.com;Finn.Tucker.Medina@dtaa.com,20611,0,08/23/2010 10:07:28
email,HBO0413,PC-7384,Harper.Basil.Obrien@dtaa.com,Halee.Kim.Burnett@dtaa.com;Rosalyn.Daphne.Tillman@dtaa.com;Paloma_Moody@lockheedmartin.com,23482,0,08/23/2010 10:08:52
email,HBO0413,PC-7384,Harper.Basil.Obrien@dtaa.com,Nyssa.Britanney.Carver@dtaa.com,33681,0,08/23/2010 10:13:29
email,HBO0413,PC-7384,Harper.Basil.Obrien@dtaa.com,Herman.Ian.Abbott@dtaa.com;Angela_Castillo@lockheedmartin.com,25579,0,08/23/2010 10:23:19
email,HBO0413,PC-7384,Obrien-Harper@comcast.net,Baker-Hadassah@gmail.com;Knight-Nash@comcast.net,41745,0,08/23/2010 15:35:24
device,HBO0413,PC-7384,Connect,08/23/2010 07:58:22
device,HBO0413,PC-7384,Disconnect,08/23/2010 08:18:24
device,HBO0413,PC-7384,Connect,08/23/2010 14:05:30
device,HBO0413,PC-7384,Disconnect,08/23/2010 14:08:47
